Cjawn3 Jawn 0.000000 0.000000 0.000000
Cmikail 0.000000 0.000000 0.000000 44189374358259321779932626944.000000
Csam 0.000000 0.000000 0.000000 0.000000
Ctest5 0.000000 0.000000 0.000000 0.000000
customer1 150 80.000000 0.000000 -1266882841377643692032.000000
eva 210 100.000000 0.000000 0.000000
mikail 60.000000 80.000000 0.000000 0.000000
sammu 200 90.000000 0.000000 0.000000


 Csam7 0.000000 0.000000 0.000000

 Ccc 0.000000 0.000000 0.000000

 Cccc 0.000000 0.000000 0.000000

 Ccc 0.000000 0.000000 0.000000

 Ccc 0.000000 0.000000 0.000000

 Ccc 0.000000 0.000000 0.000000

 Ccc 0.000000 0.000000 0.000000

 Ccc 0.000000 0.000000 0.000000
